image: nabil.pgm
resolution: 0.050000
origin: [-44.224998, -47.224998, 0.000000]
negate: 0
occupied_thresh: 0.65
free_thresh: 0.196

